MGI.symbol HGNC.symbol logFC logCPM LR PValue FDR asc1_count.x asc2_count.x asc3_count.x asc4_count.x neu1_count.x neu2_count.x neu3_count.x neu4_count.x astro1_count.x astro2_count.x endo1_count.x endo2_count.x micro1_count.x micro2_count.x neuron1_count.x neuron2_count.x oligopre1_count.x oligopre2_count.x oligonew1_count.x oligonew2_count.x oligomye1_count.x oligomye2_count.x asc1_count.y asc2_count.y asc3_count.y asc4_count.y neu1_count.y neu2_count.y neu3_count.y neu4_count.y astro1_count.y astro2_count.y endo1_count.y endo2_count.y micro1_count.y micro2_count.y neuron1_count.y neuron2_count.y oligopre1_count.y oligopre2_count.y oligonew1_count.y oligonew2_count.y oligomye1_count.y oligomye2_count.y
1700007G11Rik C4orf22 -6.90940293820155 -0.477117787788099 11.3202248445222 0.00076667429289467 0.0243119477590518 102 33 41 52 0 0 0 1 2 31 0 1 5 0 3 1 4 4 1 0 0 1 37.689125403661 63.9871798246741 99.9571561828693 136.392504489182 0.100357279858817 0.372862377257292 0.38312653644655 0.237814002468189 3.35366756804346 4.37116301529508 3.28044661100801 3.88292775375036 2.1609268277178 2.18527915263384 4.09905207885479 4.83212953115681 4.34101918752026 4.95406455310209 3.17226820584829 3.47727362007595 1.57757257039873 2.12464697633313
1700013F07Rik C1orf194 -9.13501434572388 -0.832731552951795 10.7742087375397 0.00102924205969411 0.0284898049757197 78 25 20 52 0 0 0 0 1 2 1 2 0 0 16 24 0 0 0 0 0 2 35.4577635462552 46.1384984162556 55.2407524156255 57.7712021003212 1.97653626989233e-08 5.62833161485906e-08 4.4324980553656e-08 2.10872015610354e-08 3.30691327662102 3.30350527467547 3.23471311067294 2.93452160690744 2.1308008236951 1.65152413261735 4.04190620152434 3.65188059521821 4.28049998815247 3.7440329553005 3.1280428468474 2.62794860434535 1.5555792492958 1.60570138166443
1700019D03Rik C2orf88 -4.8977279574953 3.1983161023386 12.0451272849084 0.000519279410729268 0.0195177888159638 1023 496 877 936 3 6 51 4 40 22 0 12 6 0 63 63 306 193 93 27 30 35 679.133502739217 839.836301470001 955.604404196862 949.767561358159 8.78315588111227 23.7691061843454 17.7897193859316 8.04316288467168 63.5341745087094 60.3180039144248 62.1470265676572 53.5808091875367 40.9380773100512 30.1548297378657 77.6552490115125 66.6789151892676 82.2392395816597 68.3615056360813 60.0976207956053 47.9831575929245 29.8866148639595 29.3181618225651
1700024G13Rik C10orf53 -7.51374444583227 -2.31545106325216 9.16195472967907 0.00247098483864347 0.0479126275313764 12 8 26 11 0 0 0 0 0 1 5 0 0 0 1 0 0 0 0 0 0 0 22.5974978221848 18.5360056943142 13.9899437265576 9.22298433427903 6.21191675814598e-08 1.11507531364295e-07 5.53575373293159e-08 1.66016342374874e-08 0.622410335391186 0.391951814058406 0.608821188732656 0.348172916822103 0.401048453463834 0.195948795572665 0.760746951634918 0.433285587582748 0.805653856151387 0.444219211627762 0.588744256218791 0.311798873342682 0.292783185191684 0.190512052214384
4930444P10Rik C8orf89 -8.84557086268638 -0.7859885345044 10.8495090361561 0.00098821954236859 0.0281229649910591 80 14 15 39 0 0 0 0 12 0 1 0 1 10 18 49 10 1 6 0 0 0 35.6647632606784 40.0278156582092 41.3360000362245 37.2864208218376 2.53278864316669e-08 6.22077177558136e-08 4.22555319487744e-08 1.7339014015086e-08 8.54412177403883 7.36190242657178 8.35757711490687 6.53961775218946 5.50538226768249 3.68044198768592 10.4431340940255 8.13826114387798 11.0595924637965 8.34362381985277 8.08197154331911 5.85641601832665 4.01917359887102 3.578325419561
Aurka AURKA -3.32681985767379 3.69792070689744 14.7732322642847 0.000121244407639585 0.00760808657938393 753 612 1046 1683 26 13 26 91 232 251 312 297 162 19 204 163 420 437 71 123 46 42 527.978376625531 851.46724016359 1263.46659113173 1637.62806345155 20.3264474298556 71.7358189905264 70.0171819457143 41.2833292328752 185.572943918228 229.755833292919 181.521311406093 204.093349654884 119.573435611992 114.862024347801 226.818295526827 253.985024837905 240.20738307811 260.394138951609 175.535331965209 182.771471888037 87.2939193267548 111.67509305707
Aurkb AURKB -3.65889786504683 4.05295723149271 9.86313221306666 0.00168623778708139 0.0387154967269586 1295 782 1613 1810 102 19 20 29 275 449 321 290 130 36 157 54 508 389 50 49 1 6 1420.42719765511 1500.582580402 1458.62896784906 1238.46990572414 43.4399202121716 100.427514165708 64.2111419460401 24.8010229159494 214.534316187268 173.99540278945 209.850367158491 154.561057584012 138.234619236761 86.9856660663213 262.216608209069 192.344307719136 277.695258714563 197.197966386926 202.930188069092 138.413877958152 100.917412283571 84.5721848256244
Capn9 CAPN9 -6.16632570912652 0.926992223592783 15.0505474165335 0.000104669894637046 0.00688913986524453 160 115 246 281 0 2 3 1 18 4 0 0 0 0 2 5 3 10 0 4 1 0 117.188575974442 175.579784845876 242.051490057346 291.471904346173 0.612085725819877 2.00689319343344 1.81982763192018 0.99686826223594 3.2084195134394 3.69045969645336 3.13836977160339 3.2782553131317 2.06733662788448 1.84497457772128 3.92152126278714 4.07964178420658 4.15300872458876 4.18258836444178 3.03487659614543 2.93577203676181 1.50924756733923 1.79378440198017
Ccdc153 CCDC153 -8.98448141200162 1.03627427703686 14.6068524863356 0.000132432110524376 0.00797230538518487 310 105 182 151 0 0 0 1 6 39 3 9 1 0 5 2 0 0 0 1 0 1 107.048437332693 222.900215011709 427.055830187705 714.684746570934 0.0649180504763315 0.29581377760688 0.372790908487258 0.283800885792803 3.56557430121823 5.69980146360522 3.48772676343483 5.06316447509693 2.29746837078986 2.84950647436046 4.35805709873818 6.30088122489257 4.61531327779977 6.45987905089827 3.3727129364653 4.53420959129494 1.67725396187736 2.77044482280204
Ccnb1 CCNB1 -4.55769583818682 3.7663794089339 9.63450255640308 0.00190955915499962 0.0412827175567728 592 996 1538 2274 20 19 14 29 75 277 212 163 40 0 72 61 520 355 78 26 0 0 744.930162880273 1101.85154659359 1499.59721078314 1782.71472764576 12.2096968367902 39.5216601647645 35.3801333009171 19.1330968406964 118.436782524172 134.491305378143 115.850940490437 119.469354142963 76.314427578871 67.23634987416 144.760483789336 148.674255827927 153.305697423535 152.425934778209 112.030555200076 106.988246991613 55.7129219415799 65.3708279272395
Cdc25c CDC25C -4.73048609982007 2.85141684254809 10.3697511360443 0.00128096813977331 0.0332804511963209 323 427 805 905 8 5 6 14 100 233 127 150 21 1 78 39 533 383 66 42 0 0 333.521867530012 506.230941209288 706.996185351642 862.464335122655 4.83824845332617 16.0707191458401 14.7630619735936 8.19254987149385 108.757510830095 126.731248520562 106.382997296418 112.576053655758 70.0776144624469 63.3568582114629 132.929901910122 140.095852374711 140.776756109974 143.631062000945 102.874833821049 100.815097899086 51.1597713337155 61.5989756122049
Cdc6 CDC6 -4.51039923601816 3.14802471963593 11.7940144031378 0.000594214621587428 0.0210580108123086 146 706 881 1371 10 10 12 14 106 184 352 410 33 21 71 56 364 569 39 45 0 3 302.556016786518 528.967168723585 850.93356298999 1195.68912625901 5.11707015245385 19.577943346526 20.7160404571607 13.2418283201812 133.640986173406 179.375315338355 130.723189251606 159.340063005635 86.1112159883087 89.6752502101701 163.343966293562 198.29156573986 172.986163192179 203.295298827757 126.412365815803 142.693614934139 62.8650126438141 87.18714448052
Cdca8 CDCA8 -4.4471298870723 4.38935215563601 24.7542424603516 6.51252960272279e-07 0.000267900141352005 576 1404 2283 3080 27 20 28 42 267 533 439 377 207 66 304 123 1055 1203 138 122 96 46 881.703499813161 1390.33244967905 2017.24554919678 2556.55160024466 15.6097414975869 53.8659815866668 51.4076122069675 29.6375162673495 323.425109788585 391.534387258916 316.363737250152 347.802114337907 208.39811410034 195.740111046491 395.309416253853 432.824140512974 418.644537310891 443.746120300892 305.931095416797 311.466809040093 152.139880124833 190.309157793774
Cdhr3 CDHR3 -5.34759822258348 0.821853479783005 10.3514621424287 0.00129372171601723 0.0334942742875859 330 44 63 142 1 3 2 1 6 16 12 9 12 0 12 9 0 0 1 0 0 0 168.009502514524 160.369112300328 140.848302425197 108.053340757949 1.55711923252345 3.25260646624265 1.8790362557527 0.655753048189629 6.85126708050472 5.02062586724788 6.70168268599876 4.45984911862588 4.41459582315125 2.50996565501695 8.37402634558571 5.5500823083306 8.86834525243305 5.69013430894458 6.48068309941044 3.99392331591492 3.22285104274235 2.44032481305848
Cenph CENPH -5.39569128225902 2.34726622095719 20.0675555793752 7.47541402551857e-06 0.00137424326198518 456 179 411 536 3 3 6 5 111 164 106 146 13 2 80 63 260 207 37 28 5 5 272.833329647221 377.714212499941 481.141970463452 535.351283615477 2.48308181688915 7.52280329210155 6.30321859673023 3.190410390675 81.4635867164894 86.5823786928525 79.6849841382972 76.9115953891062 52.4908466465798 43.2852004102543 99.5696435935079 95.7130327776832 105.447241220397 98.1282765489737 77.0572338587065 68.8765484926115 38.3206496418512 42.0842207096413
Cenpm CENPM -3.93559736759244 3.94368190136999 14.5674766157534 0.000135228517216966 0.00807499641720184 1094 885 1696 2002 22 149 16 23 104 135 233 240 25 7 111 58 416 514 52 24 16 26 1025.17080058517 1332.12072932012 1592.70358436071 1663.34377960766 25.8794964907056 73.59121171572 57.8748757733711 27.4951256819319 135.542732647168 135.214628046934 132.583414705761 120.111885582704 87.336601298955 67.5979611760502 165.668394006974 149.473857402197 175.447801910062 153.245713674894 128.211247115723 107.563652398867 63.7595983509511 65.7224060577695
Chaf1b CHAF1B -4.75796239275471 3.2724299186789 20.5145812248632 5.91787192479801e-06 0.00121205348692385 229 506 1082 1247 12 16 11 6 208 246 431 441 114 39 240 129 394 603 48 61 14 14 440.927830799645 624.996111534144 815.137984612909 928.62556853259 6.2777496181997 19.4731660282214 16.7056404352419 8.65747431924123 204.114063272213 222.117519036522 199.657620660071 197.308193778919 131.52035683034 111.043395564715 249.480354985685 245.541202505624 264.207184263147 251.737243344957 193.073565029197 176.695169409113 96.0157024861987 107.962414936316
Ckap2l CKAP2L -4.41196580819553 4.38061188149141 13.3855743527102 0.000253566991332519 0.0120741915583385 533 1528 2025 3137 29 25 29 35 393 800 271 390 106 21 102 223 1525 1317 186 92 2 15 865.238954043386 1366.29662731039 1985.17108713214 2519.45482910785 15.6963286035697 54.2412622632642 51.838864452897 29.9283442763393 328.794430594533 398.596487460735 321.615829141765 354.075416151968 211.857821760919 199.270672659235 401.87211967186 440.630983409885 425.59463721485 451.749962792665 311.009990487379 317.084731466731 154.66562039374 193.74176137956
Cma1 CMA1 -7.31040956185623 2.71538361041646 10.6317259162768 0.00111163918310083 0.0303731820342071 100 1030 717 1296 2 3 1 2 0 1 5 3 24 10 1 0 0 0 0 0 0 0 582.024771384565 726.225964522951 833.769660004526 836.13440320254 1.38630293115702 3.78539511576222 2.8586321907577 1.30408788966954 4.77918654906911 4.57809044337092 4.67484209456555 4.06674250755304 3.0794562129414 2.2887285534226 5.84140621028385 5.06087875247682 6.18622451072315 5.188586082706 4.52068108476078 3.64188502541601 2.24813982175001 2.22522609746024
Cmbl CMBL -4.38294127410327 2.29161625957041 15.9544706486059 6.48843573864778e-05 0.00511102366242739 405 224 297 411 2 2 30 3 262 165 68 78 13 7 88 32 247 256 45 63 16 47 240.807915409949 327.951602087846 410.953579758077 449.81244707141 4.44007467610161 13.2328090570145 10.9070625548998 5.43081590712386 97.5764101699378 102.01967065814 95.4460147172678 90.6246253550491 62.8731018237531 51.0027785895223 119.263695294527 112.778283862015 126.303833102983 115.624155941602 92.2985171733915 81.1569617209616 45.9001570903688 49.5876690097971
Crybb3 CRYBB3 -6.6741300250561 1.28733263067565 16.9713257663626 3.79486385885038e-05 0.00367308097292256 237 96 161 165 1 0 2 0 13 7 220 204 20 16 23 41 11 28 1 13 10 8 155.111187371794 173.835041695973 179.256759900389 161.461673062883 0.556554149183638 1.36497407016509 0.925838772815126 0.379356777083042 52.9653850441833 45.5707755475419 51.8089865330009 40.4807664491858 34.1281057708269 22.7822356258376 64.7374455779365 50.3764992315508 68.5588980082891 51.6477109198382 50.1004955253209 36.2516920790638 24.9150331483386 22.1501257531355
Crygn CRYGN -6.77559462811296 -0.674748753703373 12.0384721915071 0.000521136681265629 0.0195380078806651 91 8 54 38 0 0 0 1 1 14 4 21 1 1 5 0 2 1 2 4 0 0 30.3799164508042 54.7603968347558 90.8219057511656 131.57407471868 0.088122181619001 0.347606608710094 0.379214378230231 0.249909684348134 3.47158182944527 4.80404979435482 3.39578643863164 4.26746342143449 2.23690457019344 2.40169259922002 4.24317390623308 5.31066693216945 4.49364852863476 5.44467747239665 3.28380450301303 3.82163638395297 1.63303969725975 2.33505587277686
Ddx4 DDX4 -7.8124029378985 -1.79064970589813 9.87997115972645 0.00167087557895233 0.0384821095625273 0 18 47 22 0 0 0 0 3 11 0 10 0 0 9 6 1 3 3 0 0 0 3.29465993736881 9.82426586222595 26.9546458988139 64.598561198602 5.1345019443497e-09 3.35050759877961e-08 6.04667850670988e-08 6.59211338988822e-08 2.04028551189847 4.6706845799324 1.99573975571491 4.14899437997946 1.31465257346229 2.33501921693158 2.49375837029783 5.16323752064106 2.64096496610664 5.29352779459349 1.92992678282195 3.71554394577941 0.95975477415335 2.27023239248589
Deptor DEPTOR -4.13841693955851 2.35777190576634 16.1489563106561 5.85508238772025e-05 0.00474556853312502 195 356 401 504 3 12 4 19 84 124 59 69 81 45 303 408 32 11 68 24 74 60 172.205294368975 294.315781917573 462.833317133284 635.757317705399 3.76355972997481 14.0763039787681 14.5603712154247 9.0982481406778 99.9656641414569 131.165007655745 97.7831038695716 116.51458588144 64.4126113012232 65.5734310942436 122.183983683331 144.997179178629 129.396506161295 148.656069966044 94.5585367656043 104.342166925018 47.0240673923621 63.7540480511406
Dhfr DHFR2 -3.84696338856042 4.3661362828247 13.2871430261732 0.000267232393535817 0.0126033264836685 1292 1088 1320 1824 14 4 18 155 267 374 585 577 74 43 210 194 860 739 631 363 336 307 690.957110560862 1242.7067581263 2056.50723718824 2972.67557163887 18.5438196455276 72.9859957066456 79.4463348299289 52.2407874673903 384.839370871989 531.370142388319 376.437134672827 472.018972107496 247.970230801524 265.648316118652 470.373580920634 587.40645178987 498.139740798209 602.229195701838 364.023468577744 422.706582243116 181.029283069743 258.277708332695
Dhfr DHFR -3.84696338856042 4.3661362828247 13.2871430261732 0.000267232393535817 0.0126033264836685 1292 1088 1320 1824 14 4 18 155 267 374 585 577 74 43 210 194 860 739 631 363 336 307 690.957110560862 1242.7067581263 2056.50723718824 2972.67557163887 18.5438196455276 72.9859957066456 79.4463348299289 52.2407874673903 384.839370871989 531.370142388319 376.437134672827 472.018972107496 247.970230801524 265.648316118652 470.373580920634 587.40645178987 498.139740798209 602.229195701838 364.023468577744 422.706582243116 181.029283069743 258.277708332695
Dydc2 DYDC2 -8.16316408639141 -1.25139566462784 9.7853453676516 0.0017590818596886 0.0394700655456493 91 0 8 11 0 0 0 0 1 4 1 0 0 0 5 1 1 7 0 0 0 1 32.7069316229894 26.9217205118953 20.3896528669333 13.4887760007137 1.39153792565475e-10 2.50657571915082e-10 1.24870714319493e-10 3.75787113512408e-11 2.00740116935563 1.26851983748677 1.96357338028825 1.1268330341205 1.29346363431703 0.63417217474219 2.45356516989047 1.40229319888777 2.59839916044727 1.43767897463687 1.89882114930212 1.00911143144315 0.944285907386257 0.616576601628509
Eme1 EME1 -4.78192247450035 1.22075424156926 15.4937511582495 8.27784559373827e-05 0.00595080657270243 3 117 266 405 3 2 0 3 53 81 77 45 17 13 34 38 144 92 40 17 7 11 72.6018564978065 122.150156691104 189.096871198008 255.699776078097 1.00223077276076 3.69008872364243 3.7575076202319 2.31134327743652 43.014511526483 55.5598903291486 42.0753714249437 49.354151149134 27.716286737681 27.7761020657599 52.5748957868292 61.4190287271153 55.6783927117771 62.9688900392779 40.6878632234752 44.1980636045483 20.2341204476831 27.0054336981201
Emx1 EMX1 -4.74238719357571 3.90327801612179 19.5430302393328 9.8358933500541e-06 0.00159617782803068 1335 1065 1296 1972 6 76 46 8 110 184 2 8 52 84 192 165 108 276 21 45 12 58 837.968633435152 1289.97124749822 1827.15886951924 2260.62372193838 12.0848771772594 40.7115166236309 37.9303026991972 21.3479833353167 90.6407681565397 107.121322876647 88.661799264664 95.1564506198371 58.404139235746 53.553251815545 110.786540884795 118.4179372578 117.326272135156 121.406121594569 85.7380229682117 85.2153417484604 42.6376158943656 52.0673774815301
Fam109b FAM109B -3.93585564970487 -0.580069114590708 9.07286932984959 0.00259429674583454 0.0490663352606177 1 22 49 173 1 0 1 2 6 11 11 4 18 6 8 6 14 12 1 2 0 6 9.59064216594302 22.6642996216728 49.2811610109004 93.5998706699845 0.232657049869493 1.2031883139319 1.72085778159758 1.48681821949086 6.7482425970499 12.2429305122992 6.60090754632165 10.87546140629 4.3482122697154 6.12061840797445 8.24810369090685 13.5340242103481 8.73498938146858 13.8755447611644 6.38323119439699 9.73928886977622 3.17438810004447 5.95079735150467
Fam180a FAM180A -7.13200896409163 2.17469255459705 9.21860341137524 0.00239568223848648 0.0473715499226997 528 206 206 315 1 0 2 1 1 0 2 4 2 0 7 6 516 552 17 141 1 10 251.462996717906 329.11437488241 396.336097476561 416.904032619841 0.667866822290769 1.91286978430888 1.51521733854974 0.725046691119234 80.2616173306449 80.6456141846632 78.5092574694105 71.6379353595747 51.7163608517691 40.317228804426 98.1005250807746 89.1501992710933 103.891400618758 91.3998350547483 75.9202788118048 64.1538340706841 37.7552406097706 39.1985976575175
Fbxo47 FBXO47 -7.2231197947008 -1.94257231580179 10.3074396285721 0.00132494979276482 0.033937169563445 0 13 21 34 0 0 0 0 5 8 10 6 1 2 3 0 12 7 1 0 0 0 4.83353222139946 9.40452471813967 16.8365497843866 26.328434434818 1.06622799649727e-08 4.53988747727453e-08 5.34606312452553e-08 3.80298485144604e-08 3.37505658759814 5.04142574824445 3.3013686419748 4.47832576543902 2.17470878589837 2.52036415677953 4.12519501141785 5.5730756670446 4.36870533780357 5.71370788714179 3.19250029662977 4.01046968520771 1.58763401205107 2.45043480074662
Fbxo5 FBXO5 -3.83015102398462 3.17552403152471 12.0537452621467 0.000516884272399863 0.0194771989566656 34 768 1158 1216 13 60 14 14 236 358 180 212 22 10 279 109 407 228 100 45 27 5 431.927179848025 621.561628512974 823.003856819196 951.864730103705 11.7198998856267 36.907985116897 32.1448022484055 16.9123009948908 146.686883779341 162.055967059952 143.48425447964 143.955192235141 94.5173056070157 81.0167740568976 179.289438710595 179.145783717175 189.872897096705 183.666387920376 138.752612829673 128.916020121347 69.0018314553938 78.7689041122218
Fezf2 FEZF2 -4.74470898280928 3.41760375517006 11.851947374601 0.000576010791456361 0.0207042325501875 292 904 1393 1770 2 24 20 40 240 452 6 6 15 23 290 110 36 60 6 11 1 42 296.567855525321 674.190461620171 1410.21439442715 2576.5784657618 4.26337447993949 21.2097124730242 29.1816650009214 24.2541954748846 69.9011330969406 121.995222912943 68.3749747167865 108.369016487401 45.0406102371009 60.9891730003522 85.4373246965803 134.860383205795 90.4806913167771 138.263479848738 66.120191574492 97.0475749648575 32.8816461310323 59.2969835675584
Fignl1 FIGNL1 -4.53480163658117 3.33024416847991 10.8677619648552 0.000978527080985693 0.0279210164591852 13 866 1297 1982 16 9 19 13 194 227 78 91 21 0 50 31 480 376 89 37 17 11 471.741543204426 729.61793499975 1038.31921474253 1290.69007642628 7.84849741894547 26.5644403128804 24.8661647746983 14.0610730197087 106.401443982677 126.339449897061 104.07837069044 112.228016818937 68.5594890206186 63.160986000573 130.050176799364 139.66273613259 137.72704078065 143.187016408079 100.646206266506 100.503420889303 50.0514723275978 61.4085380197749
Fmod FMOD -5.27482748512506 2.95232650696967 29.6132403516255 5.27434290677248e-08 3.90874521967633e-05 933 643 391 815 3 19 8 9 27 17 78 78 22 18 91 22 54 118 10 18 5 19 543.619982276877 708.362108728429 849.296324472808 889.444506336888 5.40441098173803 15.4110081692642 12.1536778368112 5.79009792762033 43.3593574392755 43.375333781063 42.4126882826786 38.5305436510484 27.9384872895433 21.6846666021429 52.9963869832691 47.9495343810941 56.1247645401701 49.1595035032638 41.0140564739608 34.505211402805 20.3963367204644 21.0830095887318
Fsd2 FSD2 -8.77836727632265 -1.03260578911471 10.903368686502 0.000959895357979293 0.0276001747751857 5 29 50 40 0 0 0 0 65 21 0 1 5 0 2 4 21 4 0 1 14 0 50.7255769263117 43.0252155838149 33.578641934976 22.8906903065764 6.74567777590327e-08 1.25211559568576e-07 6.42772435403589e-08 1.99329502574422e-08 12.0477556337148 7.8451687940452 11.7847157886104 6.96890588080664 7.76293947878417 3.92204174370359 14.7254838990271 8.67249097642188 15.59472944512 8.89133452577456 11.3960943871846 6.24085589970495 5.66729064136302 3.81322181276874
Gins1 GINS1 -4.29434181848034 3.24857364958466 19.2294554787066 1.15911044487793e-05 0.00175302347460332 645 652 945 1125 3 6 98 4 108 196 99 103 66 60 107 117 244 221 43 35 11 13 440.459540633161 724.704130158048 1097.13346877512 1450.82115972192 8.66084012558221 31.1844084053988 31.0533875811933 18.6802196062317 92.5204687444433 116.867195280469 90.5004601629759 103.813761799699 59.6153193381459 58.4255138917432 113.084022804557 129.191572943454 119.759374448765 132.451621578416 87.5160508408431 92.9682132144425 43.5218311685017 56.8044550652432
Gins2 GINS2 -5.01114855657926 3.56394146801161 20.6481616080438 5.51901538869582e-06 0.00118450867958256 1229 477 916 903 3 5 5 49 122 217 288 294 182 79 137 75 272 474 82 60 50 47 513.387725069035 898.135868736358 1445.71475667954 2032.72616244319 6.1309647681884 23.4718950006336 24.8520073624329 15.8955775753769 159.326524633608 213.985687136042 155.847932800008 190.084643509867 102.66162476225 106.97804209639 194.738359949347 236.551818002868 206.233768399089 242.521018731738 150.708577456997 170.226272126745 74.9475462010611 104.009857688062
Gm10639 GSTA2 -7.57343522657519 -2.21665568706768 11.5469768785894 0.000678595073079509 0.0224896187857393 25 5 13 19 0 0 0 0 0 0 0 0 0 0 0 0 0 0 0 0 0 0 16.2285488615663 17.0038265548298 16.3929705120891 13.8046162705113 3.21267009324062e-09 7.36640991521939e-09 4.67132001779748e-09 1.78947187998695e-09 1.5783191816841e-08 1.2695853304872e-08 1.5438595822618e-08 1.12777951731692e-08 1.01698579039321e-08 6.34704847541846e-09 1.92911562983358e-08 1.40347105479811e-08 2.04299135579473e-08 1.43888655282293e-08 1.49294814025289e-08 1.0099590344014e-08 7.42444800458151e-09 6.17094495029817e-09
Gm10639 GSTA1 -7.57343522657519 -2.21665568706768 11.5469768785894 0.000678595073079509 0.0224896187857393 25 5 13 19 0 0 0 0 0 0 0 0 0 0 0 0 0 0 0 0 0 0 16.2285488615663 17.0038265548298 16.3929705120891 13.8046162705113 3.21267009324062e-09 7.36640991521939e-09 4.67132001779748e-09 1.78947187998695e-09 1.5783191816841e-08 1.2695853304872e-08 1.5438595822618e-08 1.12777951731692e-08 1.01698579039321e-08 6.34704847541846e-09 1.92911562983358e-08 1.40347105479811e-08 2.04299135579473e-08 1.43888655282293e-08 1.49294814025289e-08 1.0099590344014e-08 7.42444800458151e-09 6.17094495029817e-09
Gm10639 GSTA5 -7.57343522657519 -2.21665568706768 11.5469768785894 0.000678595073079509 0.0224896187857393 25 5 13 19 0 0 0 0 0 0 0 0 0 0 0 0 0 0 0 0 0 0 16.2285488615663 17.0038265548298 16.3929705120891 13.8046162705113 3.21267009324062e-09 7.36640991521939e-09 4.67132001779748e-09 1.78947187998695e-09 1.5783191816841e-08 1.2695853304872e-08 1.5438595822618e-08 1.12777951731692e-08 1.01698579039321e-08 6.34704847541846e-09 1.92911562983358e-08 1.40347105479811e-08 2.04299135579473e-08 1.43888655282293e-08 1.49294814025289e-08 1.0099590344014e-08 7.42444800458151e-09 6.17094495029817e-09
Gm10639 GSTA3 -7.57343522657519 -2.21665568706768 11.5469768785894 0.000678595073079509 0.0224896187857393 25 5 13 19 0 0 0 0 0 0 0 0 0 0 0 0 0 0 0 0 0 0 16.2285488615663 17.0038265548298 16.3929705120891 13.8046162705113 3.21267009324062e-09 7.36640991521939e-09 4.67132001779748e-09 1.78947187998695e-09 1.5783191816841e-08 1.2695853304872e-08 1.5438595822618e-08 1.12777951731692e-08 1.01698579039321e-08 6.34704847541846e-09 1.92911562983358e-08 1.40347105479811e-08 2.04299135579473e-08 1.43888655282293e-08 1.49294814025289e-08 1.0099590344014e-08 7.42444800458151e-09 6.17094495029817e-09
Hsf5 HSF5 -5.92532736102607 -0.759746529470144 11.0070808558187 0.00090764478427908 0.0269364962132042 1 47 20 110 0 1 0 0 15 13 0 10 4 0 28 21 8 1 19 1 3 19 14.0750689214285 26.1064894280676 44.554382968236 66.4183498454591 0.0763345664920868 0.309843194680819 0.347821694669721 0.235870099934935 9.71611931378863 13.8353728333682 9.50398631599086 12.2900365349433 6.26055578273131 6.91672941866598 11.8756192328334 15.2943995473869 12.5766372228716 15.680341797574 9.19057591666484 11.0060816329768 4.57048380889364 6.72481967705179
Ifit3 IFIT3 -3.47781912224235 2.40037968215618 10.2571645803494 0.00136154783316293 0.0342328724300677 160 647 341 930 10 5 74 4 86 67 37 29 30 26 3 6 52 55 5 10 6 9 269.230512574393 415.550221221401 590.155922794768 732.092086271514 9.32575045554837 31.4996554030012 29.425361159736 16.6050168485458 30.8031736708265 36.5001615291208 30.1306449212871 32.4232909461115 19.8479434868295 18.2475560344598 37.6494719613456 40.349332157074 39.8719208831982 41.3675161006804 29.1370347515373 29.0359907351007 14.489880370783 17.7412641800737
Ltbp2 LTBP2 -6.37788533552127 0.0888524583455356 16.7832739971782 4.19010078346948e-05 0.00395230589187258 0 102 134 53 0 0 1 1 2 7 15 26 5 8 39 80 15 90 29 34 4 5 12.5693790955123 39.2944644841771 113.029794098195 283.994669455313 0.0523242053375237 0.357966976635065 0.677294069276965 0.774128579469226 15.4363372665676 37.0477545418567 15.0993141821837 32.9097207817118 9.94636309182141 18.5213146636102 18.8672100256323 40.9546722824909 19.9809417301004 41.9881315122834 14.6013881614544 29.4716026605909 7.26128686432918 18.0074271748418
Melk MELK -4.61198425877604 3.17791071602324 11.7181931588856 0.000618920185015448 0.0215660918115147 529 521 741 1141 12 11 8 15 134 255 314 302 82 26 22 52 467 480 44 28 0 1 458.274079227448 650.991400008381 850.881774808367 971.446486208089 7.22465194755916 22.4589609554452 19.3088486032674 10.0282375719383 147.780263787609 161.163420947858 144.553762613614 143.162338695242 95.221822123581 80.570562738606 180.625832823886 178.159113027687 191.288178575516 182.654819365175 139.786852081705 128.20599694458 69.5161598063913 78.3350732549277
Mfap2 MFAP2 -3.68783370132826 6.69856973600605 10.9479342769775 0.000937080286168903 0.0272636973632127 7867 8770 9935 13828 82 592 766 447 158 507 141 154 20 10 991 664 776 1423 283 439 3 33 4954.52773438926 8699.62139591194 14055.3755439615 19835.367223407 148.619916779518 571.081215822589 606.893832049642 389.609099425641 314.954188861954 424.566339872042 308.077762781282 377.144576541507 202.939898605083 212.253802520287 384.955752591721 469.33951940302 407.679696719989 481.18293631252 297.918365298324 337.743828917711 148.155140364932 206.364664759835
Mfap5 MFAP5 -5.84458827639082 -1.13252212317401 9.66995714878976 0.00187305681538379 0.0410326899097908 56 33 19 22 0 0 1 0 6 1 3 1 0 0 3 0 1 22 8 1 0 0 32.1059145886246 34.5385591395375 34.1875042993632 29.5587640384264 0.184610987316082 0.434609772697572 0.282966756701828 0.11129428553053 3.59351402922956 2.96782710425291 3.51505648059005 2.6363368721581 2.31547126063922 1.4837082663932 4.39220669701047 3.28080305942559 4.65147872739502 3.36359156715697 3.39914140889202 2.36091558755751 1.69039687113739 1.4425416899957
Mxd3 MXD3 -4.95488165387016 2.41016440894278 15.5134769710059 8.19191189832913e-05 0.00591775723426127 496 183 346 423 6 4 3 6 115 134 169 204 64 3 72 71 230 425 26 37 3 3 286.454002678026 365.424012853344 428.926898472686 439.769566952688 3.54562837404128 9.8982444329606 7.64217750892396 3.56432738395721 110.037903641025 107.766698312702 107.635435163963 95.7297411110584 70.9026321837977 53.8758948927073 134.494874199983 119.13137157547 142.434108738712 122.137558871105 104.085970382052 85.7287398923838 51.7620709167469 52.3810685893694
Myo1a MYO1A -10.0312484941529 0.236123520741059 18.4836833540085 1.71365129945804e-05 0.00224579310563488 0 150 160 75 0 0 0 0 41 39 1 3 1 26 25 44 52 20 13 11 0 3 34.1371396047182 66.5672764337355 119.436883017717 187.185336077511 1.90998187121286e-08 8.15052676846956e-08 9.61913672255372e-08 6.85785086817486e-08 16.7027126468185 25.0046483858786 16.3380406630054 22.2117644321583 10.7623487187875 12.5005946118693 20.4150493775382 27.6415451583061 21.6201500632865 28.3390580030565 15.7992654924455 19.8912746807319 7.85699261726336 12.1537564262503
Myoc MYOC -6.70942509788326 0.0764339953999463 14.7962662733559 0.000119772407458561 0.00757995547886255 138 75 51 12 1 0 0 0 22 18 22 11 5 0 4 7 8 9 3 1 3 41 84.3923366085928 70.1091637510896 53.5908412817908 35.7817891765521 0.265140209051715 0.482025642938539 0.242358735201309 0.0736120193465353 19.2565477596373 12.2814682167512 18.8361176402077 10.9096946576372 12.4079056193712 6.13988459453272 23.5364986314842 13.57662595709 24.9258585157724 13.9192215297762 18.2149640573752 9.76994573217194 9.05832224864792 5.96952898355597
Ncapg NCAPG -4.83011617015014 2.93514316363864 11.7801601074687 0.000598653352589073 0.0210580938206451 46 549 980 884 8 8 10 6 292 555 234 228 16 1 70 71 630 270 114 13 12 3 327.781003422093 477.608184650528 640.329858164397 749.879421638325 4.43401107806622 14.1386364279382 12.4684442113005 6.64230059304738 161.909902229096 181.11794121411 158.374907255922 160.888046998384 104.326217283408 90.5464426099507 197.895917783689 200.217962428002 209.577716922039 205.270306634647 153.152220556259 144.079879176909 76.162772681008 88.0341650068301
Neurog2 NEUROG2 -5.58351882291751 1.95226703542928 14.6946379000135 0.000126405490922105 0.00778202700711378 219 207 387 531 3 2 3 3 22 24 2 0 2 10 49 33 62 26 204 140 33 62 213.102316013399 296.341160525946 379.17508898201 423.782781746656 1.69563768550054 5.16011808999699 4.34290378285588 2.20801639658614 55.3705974604837 59.1130134726584 54.1616857077763 52.510409659318 35.677898029985 29.5524178666312 67.6772393276418 65.3468509587534 71.6722278292628 66.9958278030896 52.3756103724948 47.024583991131 26.0464503377149 28.7324643114791
Nkapl NKAPL -5.92130645690349 -0.18986258190501 15.1839536215421 9.75286704437894e-05 0.00659498666941588 0 89 85 156 0 1 0 1 15 20 6 8 15 1 20 14 6 0 3 10 4 5 25.0588875264497 48.4889566600079 86.3312252173701 134.260623439746 0.147201459562922 0.623327003556191 0.729984693245881 0.516431928902161 8.66406038210127 12.8707129668375 8.47489709142947 11.4331239568548 5.58266439257493 6.43446621129167 10.5897301983616 14.2280102564191 11.2148421384765 14.5870430041275 8.19542269054542 10.2386917428043 4.07559298283563 6.25593721683631
Nuf2 NUF2 -5.12646082688936 3.88011970966588 14.4384212360636 0.000144817432547704 0.0083447523680893 1125 782 1063 1424 12 10 20 13 312 542 396 531 71 5 60 123 1138 822 119 30 4 3 808.150256053188 1063.17381771379 1286.94635247255 1360.73107772948 8.92104575720596 25.6832924943035 20.4493550405027 9.83580821589663 278.784747081844 281.566672885995 272.698012015217 250.117198753425 179.634214454696 140.763860368795 340.747308399898 311.25964194912 360.861627372419 319.114036378539 263.705323052976 223.987154103638 131.140955720441 136.858263599447
Opn1sw OPN1SW -6.54709444510393 1.5604553946475 11.0236278250119 0.000899578435820383 0.0268045413602898 391 189 210 315 2 1 1 1 28 25 36 24 0 0 3 0 4 3 0 1 0 0 296.061643172713 304.118456745537 287.440144932022 237.305475108778 1.18632195843051 2.66677254134831 1.65791922242585 0.622647542769299 10.1969993703235 8.04142669719244 9.97436727049958 7.14324283789489 6.57040957533215 4.02015712004316 12.4633794551649 8.88944550458804 13.1990929403689 9.11376373233716 9.64544524501099 6.39697966515533 4.79669084088155 3.90861490587559
Pnliprp2 PNLIPRP2 -5.75704781333641 -0.232276522648123 12.0028134142709 0.0005312029860647 0.0197652889965632 142 59 53 33 0 0 1 1 0 0 0 0 0 0 1 0 0 0 0 0 0 0 78.7678017382867 75.945995921658 67.375973047542 52.2108674834333 0.536731754664826 1.13249480725058 0.660859496376317 0.232961186855463 0.0882351424838664 0.0653127288926679 0.0863086958561832 0.0580176504063401 0.056854080695937 0.0326518467399546 0.107846242028558 0.0722003651976347 0.114212407391204 0.0740222851312924 0.0834625172176385 0.0519564766719904 0.0415060043082863 0.0317458972525885
Ppp1r36 PPP1R36 -6.46980248689891 1.53815091482021 16.209439542221 5.67108267154223e-05 0.00471814962263308 342 154 223 378 2 1 0 2 23 95 2 9 0 0 4 22 12 9 5 9 1 4 164.467706465947 262.909081132561 386.700337292902 496.82015324328 0.696907324168765 2.43793853898034 2.35865522787171 1.37850292926961 12.23963589678 15.0208162001759 11.9724067108382 13.3430722907296 7.88657701880697 7.50936910449977 14.9600113753647 16.6048553414676 15.8431010820734 17.0238659220833 11.5775958763757 11.949105476533 5.75755153743303 7.30101613920362
Psmc3ip PSMC3IP -4.01062037790057 3.59283300707384 12.0169078489422 0.000527200943442231 0.0197154514430202 953 704 975 1119 6 10 66 54 70 154 601 642 51 12 167 146 188 202 69 41 24 13 510.295493891312 867.455222664378 1356.80180059205 1853.70852158247 12.2197060944869 45.4578473625483 46.7682326244249 29.0666224633799 154.255012089824 201.309698789565 150.887147093198 178.824494486706 99.3938090677552 100.640924726102 188.539655511965 222.539067297556 199.669154341304 228.154667185689 145.91138224555 160.142484418219 72.5618955910415 97.8485682970828
Rad54l RAD54L -3.58926770821707 2.91751184436003 11.4562337391904 0.00071254566491618 0.0231405455082099 69 634 965 1108 6 44 49 10 157 222 99 75 42 10 64 39 352 373 37 63 14 3 260.71765037155 458.925128213982 743.288228125624 1051.54620766329 8.36095560864528 32.2069867636315 34.3113857581337 22.0814679679347 92.4298033111138 124.90606174578 90.4117742370554 110.954730369763 59.5568993059712 62.4443910729379 112.97320611643 138.078188223675 119.642016249796 141.56248366788 87.4302894868373 99.3631562072635 43.479181950056 60.7118255451144
Rbm46 RBM46 -6.27018567430458 0.993393751130724 10.5992633689233 0.00113132724489077 0.0305751368718195 268 70 114 201 1 2 0 1 55 108 5 1 0 0 4 8 23 47 2 0 4 1 132.168465924628 168.920255994433 198.645908819686 204.048407268521 0.636391162875311 1.77992127783794 1.37680183432466 0.643344505898083 18.3075353129249 17.963205752654 17.9078250764823 15.9568128480333 11.796411959272 8.98036035453075 22.3765591432585 19.8575382999725 23.6974477813187 20.3586277994931 17.3172835477306 14.2897854134327 8.61190471485108 8.73119365580326
Ribc2 RIBC2 -5.60179843813117 -0.675251803128612 9.43679694874546 0.00212674604402744 0.0441724855063146 0 42 95 90 0 0 1 1 13 36 2 5 1 0 2 6 2 0 10 14 4 0 6.78670071562497 21.7800214554417 64.3134668484111 165.882750925088 0.0482119953059006 0.338592616798028 0.657648522382216 0.771634670703361 4.61759669405424 11.3766837593443 4.51678024690124 10.1059697293895 2.97533621723402 5.68755495011545 5.64390147325144 12.5764263121284 5.97706106595828 12.8937826264563 4.36783160011422 9.05018691407552 2.17212759997965 5.5297495575917
Riiad1 RIIAD1 -3.68850300682663 3.82708598088688 9.47469170266532 0.00208325892936182 0.0434520865984777 1840 779 1272 1353 4 253 58 3 18 103 10 18 9 2 37 30 11 18 4 2 0 9 1009.61075760121 1326.95029534723 1604.72032704893 1695.11724569708 30.2485991149481 87.0018975892162 69.2063859671085 33.255626611703 19.7722872746492 19.9506789503322 19.3405969631749 17.7222960414297 12.7402210118457 9.97395947909038 24.1668661584572 22.0546029935744 25.593436647774 22.6111337079677 18.7028073014586 15.8708264537033 9.30092724626494 9.69722464234266
Rrm2 RRM2 -3.57178789566205 5.57327736511234 9.16908660857875 0.00246137384657637 0.0479126275313764 1311 3925 5662 7634 88 162 300 115 554 892 682 609 169 4 319 195 1407 1750 126 118 2 14 2090.4276024505 3421.2425528564 5152.00897925308 6776.80590983837 67.9522734401345 243.374738482348 241.068791680659 144.247403238362 412.450805219124 518.228116242702 403.44572583202 460.344839186172 265.761585496617 259.078212084807 504.121919139742 572.878516680778 533.880243953027 587.33465947518 390.14140469399 412.2520600323 194.017762270983 251.889896664388
Sass6 SASS6 -3.44005239895591 3.15875879180946 14.4297411046912 0.000145486425101012 0.00835080802062361 381 512 703 839 7 8 20 70 199 261 317 276 37 31 212 151 297 141 247 49 120 137 277.718192650827 494.182232575193 809.121863052113 1157.16805382634 9.87518489665841 38.4548220009827 41.4143034804307 26.9433403554066 171.830270249713 234.737541695478 168.078682896443 208.51862817909 110.718380180189 117.35253396241 210.021181940875 259.492085591162 222.418735613073 266.040166090074 162.53599739866 186.73443624112 80.8293355290115 114.096501651861
Ska1 SKA1 -4.44665463450407 2.14362168099514 9.31672793225937 0.00227071134252398 0.0461273609305299 210 253 457 412 9 1 3 7 116 207 152 191 19 0 48 15 265 220 20 21 2 1 229.088945408882 305.002510677671 373.634274188317 399.802671510847 4.03811248163734 11.7652312058555 9.48017833132785 4.61460005649915 86.9054500937167 88.8272826513517 85.0080347720273 78.9057557199975 55.997296921103 44.4074971086405 106.221012859151 98.1946759180826 112.491240918372 100.672542019514 82.2047476840615 70.6623764947196 40.8805140951964 43.1753784612269
Slc6a12 SLC6A12 -9.18707025333917 -0.712562366504115 11.7366306313022 0.000612818678812637 0.0214038486191895 0 61 78 96 0 0 0 0 0 1 12 13 1 0 15 11 13 2 0 0 5 0 30.7671782154856 44.9886689224632 60.5288793135486 71.1340952683959 1.67926686345924e-08 5.37350884176034e-08 4.75543449756759e-08 2.54228338737125e-08 5.11521851464344 5.74221897266701 5.00353744086719 5.10084417786818 3.29597752122478 2.87071229485607 6.25212447591466 6.34777192593905 6.621187482032 6.5079530022331 4.83853713307568 4.56795285018824 2.40620999445246 2.79106227222142
Sntn SNTN -4.66088373100433 -0.415389059733694 14.3015428819562 0.00015573717895783 0.00873602986055493 89 60 52 68 1 1 2 1 1 1 0 1 0 0 0 0 0 0 0 0 0 0 59.2052477318261 69.7402765028205 75.5877015352842 71.5606545304288 0.876905529047755 2.26047153964051 1.61153322977863 0.69403441474807 0.253027037055373 0.228818152278734 0.247502672629519 0.203260402537286 0.163037302122909 0.114393248700462 0.30926470236088 0.252948459488228 0.327520602603908 0.259331416683363 0.239340843594417 0.182025543757867 0.119024472500325 0.111219323934623
Spag16 SPAG16 -8.14879250086121 -1.57338902362988 9.18367522991385 0.00244183207153785 0.0477777095735953 2 22 30 44 0 0 0 0 6 45 2 2 0 0 6 7 1 0 1 0 0 0 3.12778133334897 10.8442803430827 34.5946627794138 96.3991394110963 5.00543107042255e-09 3.79776957370762e-08 7.96910819195344e-08 1.01016508749573e-07 2.57218195936678 6.8464607522266 2.51602325522783 6.08174812441504 1.65737864263337 3.42275680381062 3.1438738616202 7.56846291684386 3.32945678510374 7.75944717873231 2.4330530333739 5.44638058139219 1.20996002819052 3.32778990051455
Spc24 SPC24 -3.5608857044783 3.1126089607605 9.26456125005383 0.00233630440506264 0.0467955892791681 379 576 822 1139 14 7 83 15 63 168 148 223 68 5 100 50 389 530 47 47 1 5 348.54995340794 576.48438646615 877.312024853819 1166.20877463738 11.4027420716861 41.2719124767235 41.3136792658113 24.982429627064 110.959539320331 140.892296300176 108.536948679963 125.155389007299 71.4964856962247 70.4364025761919 135.62135217389 155.750271331077 143.627082725131 159.680508016638 104.957754929423 112.080254953258 52.1956103591857 68.4820928149699
Spink2 SPINK2 -10.5086147154573 0.341205847360242 26.0658123474327 3.29975315204591e-07 0.000157632401382735 206 44 73 140 0 0 0 0 1 1 0 1 0 0 2 4 4 0 1 5 0 2 96.236552320739 121.357425257707 140.811026350384 142.712713646528 5.3287215013041e-08 1.47052392117233e-07 1.12231599085359e-07 5.17439677384426e-08 1.68989439747603 1.63600997044125 1.65299876528783 1.45327650728437 1.08887898559558 0.817891821786708 2.06548949843005 1.80853746789457 2.18741537599871 1.85417450109384 1.59848826980841 1.30145096224753 0.794930026378256 0.795198812029255
Tk1 TK1 -4.48717705183797 3.14707461631465 15.4614029191157 8.42073547582812e-05 0.00596663500772912 471 417 745 1039 8 11 16 16 172 259 418 430 248 79 41 52 232 322 54 34 3 8 380.332762324305 571.453397735988 790.026962276219 954.022675515688 6.53735556979544 21.4952233204601 19.5468059927242 10.7376974495016 170.096197172672 196.205766864045 166.382470009088 174.290644145845 109.601034779259 98.0893118042608 207.901694631202 216.896893785376 220.174134934184 222.370117823153 160.89572006726 156.082290876781 80.0136237549901 95.3677517512292
Tmem215 TMEM215 -5.39538328835946 -0.112063728468435 10.7890065863923 0.00102104662990476 0.0283690047697178 62 61 84 112 0 3 0 1 3 2 0 0 4 8 25 12 28 30 0 3 0 8 44.7765093997569 69.6387008761924 99.6540834274813 124.564769137166 0.393721022467967 1.34002161294043 1.2613307643215 0.717212241011152 8.23993333327713 9.83839389273183 8.06003005057852 8.73949851898571 5.30937925039265 4.91851642090626 10.071336879433 10.8759141450168 10.6658480537807 11.1503593604021 7.79423660846453 7.82647259491493 3.8760826899954 4.78204856762954
Tpsb2 TPSB2 -8.4342191209734 2.91978825016709 9.73694098759951 0.00180601203556203 0.0400977994522311 4 1339 643 1754 2 4 0 1 0 1 0 0 13 0 2 0 0 0 0 0 0 0 2042.12550178683 1568.11666113372 1107.94530636468 683.776175544142 2.06843903418193 3.47585329642671 1.61537790349049 0.453511555277015 1.70783720871405 1.00679834710221 1.67054982934635 0.894344418342237 1.10044038856181 0.503329532925268 2.08742027010418 1.11297153822209 2.21064072146959 1.14105650739821 1.61546055715027 0.800911181043716 0.803370364089324 0.489364285079977
Tpsb2 TPSAB1 -8.4342191209734 2.91978825016709 9.73694098759951 0.00180601203556203 0.0400977994522311 4 1339 643 1754 2 4 0 1 0 1 0 0 13 0 2 0 0 0 0 0 0 0 2042.12550178683 1568.11666113372 1107.94530636468 683.776175544142 2.06843903418193 3.47585329642671 1.61537790349049 0.453511555277015 1.70783720871405 1.00679834710221 1.67054982934635 0.894344418342237 1.10044038856181 0.503329532925268 2.08742027010418 1.11297153822209 2.21064072146959 1.14105650739821 1.61546055715027 0.800911181043716 0.803370364089324 0.489364285079977
Tpsb2 TPSD1 -8.4342191209734 2.91978825016709 9.73694098759951 0.00180601203556203 0.0400977994522311 4 1339 643 1754 2 4 0 1 0 1 0 0 13 0 2 0 0 0 0 0 0 0 2042.12550178683 1568.11666113372 1107.94530636468 683.776175544142 2.06843903418193 3.47585329642671 1.61537790349049 0.453511555277015 1.70783720871405 1.00679834710221 1.67054982934635 0.894344418342237 1.10044038856181 0.503329532925268 2.08742027010418 1.11297153822209 2.21064072146959 1.14105650739821 1.61546055715027 0.800911181043716 0.803370364089324 0.489364285079977
Tshr TSHR -7.56658843990177 0.764629908215743 11.1084452236767 0.000859355025546965 0.026078255273207 290 43 83 58 0 0 0 1 29 60 0 2 0 0 68 68 25 10 6 7 0 6 103.702129649484 133.191427605677 157.401506594173 162.478980749609 0.180387864994429 0.507012527144231 0.394115983313928 0.185067826905751 19.1344875395956 18.8671158531699 18.7167223730709 16.7597610803246 12.3292564394111 9.43225288098213 23.3873093667297 20.856771381633 24.7678626063737 21.3830757490406 18.0995060558348 15.0088486779337 9.00090485376074 9.17054809196088
Tyms TYMS -3.42792120657618 4.5820800335419 11.6841467421745 0.000630348871444516 0.0217595254946896 1498 1525 1987 3214 29 229 46 91 137 224 778 724 353 126 144 102 356 480 80 95 10 9 1260.72372801406 1818.10947750016 2412.48236344289 2796.172456935 45.2705353002857 142.869165037986 124.696817613546 65.7466687325731 266.933569080196 295.531228710016 261.105581959713 262.521989237823 171.997939253228 147.74517234715 326.262093381144 326.696847642577 345.521349883353 334.940787923957 252.495173444019 235.096001202919 125.566135627816 143.645873945601
Wnt8b WNT8B -6.16041964112842 1.12497045693804 18.0350677171917 2.1687299012794e-05 0.00250911883656614 294 142 147 273 2 0 2 1 0 1 2 0 0 0 0 1 0 0 0 0 0 0 205.456392113276 227.987681402161 232.780779796923 207.605352108323 1.07752164875112 2.61661906661736 1.75731244834532 0.712949861035714 0.340929939942341 0.290440348058079 0.333486382708915 0.257999732413892 0.219677305113289 0.145200084159339 0.416704861382487 0.321069101742518 0.441302955901875 0.329171030243087 0.322489092003778 0.23104618998975 0.160374190574441 0.141171401100236
