"asc1_count"	"asc2_count"	"asc3_count"	"asc4_count"	"neu1_count"	"neu2_count"	"neu3_count"	"neu4_count"	"astro1_count"	"astro2_count"	"endo1_count"	"endo2_count"	"micro1_count"	"micro2_count"	"neuron1_count"	"neuron2_count"	"oligopre1_count"	"oligopre2_count"	"oligonew1_count"	"oligonew2_count"	"oligomye1_count"	"oligomye2_count"
"asc1_count"	1	0.984862822242407	0.935489893203316	0.854756997725318	0.85767730861299	0.867484706224589	0.837977044286116	0.794664350570649	0.728277194974241	0.670258958676898	0.728641626576851	0.672837116148641	0.735402863880431	0.685599679172343	0.724952593648424	0.668104148948492	0.724001638633775	0.667572975714078	0.729194408427776	0.675264614530265	0.740206012011686	0.686224073290228
"asc2_count"	0.984862822242407	1	0.982557015903923	0.931711162830476	0.891714730537051	0.908439153595753	0.889073533232485	0.854861360543093	0.781936132464687	0.745713902537209	0.782237996444579	0.747857659170539	0.787804225352072	0.758285342364761	0.779173456371585	0.743912616561698	0.778380264400996	0.743467248876757	0.782695510657823	0.749864790786407	0.791718583322757	0.758787410503112
"asc3_count"	0.935489893203316	0.982557015903923	1	0.98299815917445	0.899314938848061	0.922378066234533	0.914278878109829	0.890838063311955	0.812596550329768	0.801006704308542	0.812822683894046	0.802615267565724	0.816956592555145	0.810210290433455	0.810517340450205	0.799643222128133	0.809917125479623	0.799304440229676	0.813165029492784	0.804107184139385	0.819823606971688	0.810565753147171
"asc4_count"	0.854756997725318	0.931711162830476	0.98299815917445	1	0.876604722184783	0.904940365834623	0.908189443646267	0.896191901972579	0.814962520753795	0.82809648235006	0.815107058687667	0.829125547691991	0.817705797535863	0.833687537217138	0.813621702082655	0.827208800718896	0.813230633884152	0.826986106398114	0.815325399159051	0.830061689292611	0.819460150103363	0.833887435454849
"neu1_count"	0.85767730861299	0.891714730537051	0.899314938848061	0.876604722184783	1	0.990202375186049	0.983494091360693	0.97146812978122	0.810866850329849	0.794063396266542	0.811309766035288	0.796758617590891	0.819688196473789	0.809832960244079	0.806853217198714	0.7917919174066	0.805712447861237	0.791229157672309	0.811982916498143	0.799276183534047	0.825929685624029	0.810465200252506
"neu2_count"	0.867484706224589	0.908439153595753	0.922378066234533	0.904940365834623	0.990202375186049	1	0.996272950901093	0.98160088252378	0.84329101319322	0.830497663941107	0.84371218333581	0.833113553871833	0.851569767832771	0.845582508343125	0.83945185808716	0.828283108036511	0.838353772610276	0.827733125893164	0.844351273764908	0.835544520957848	0.857260874675599	0.846174437700964
"neu3_count"	0.837977044286116	0.889073533232485	0.914278878109829	0.908189443646267	0.983494091360693	0.996272950901093	1	0.99379114759741	0.849543982950878	0.845339843157253	0.849945865150947	0.847853750141661	0.857438210457109	0.859793248287491	0.845878266105662	0.843208767898339	0.844828866291327	0.842679097620048	0.850555605070027	0.850186836326321	0.8628652234232	0.860358579213356
"neu4_count"	0.794664350570649	0.854861360543093	0.890838063311955	0.896191901972579	0.97146812978122	0.98160088252378	0.99379114759741	1	0.83812674625796	0.842911151694343	0.83851973372322	0.845383566913921	0.845890403879414	0.857198556011223	0.834549949830454	0.840817542232896	0.833528167471769	0.840297443595389	0.839116351892883	0.847681550672062	0.851304544793138	0.857762502284093
"astro1_count"	0.728277194974241	0.781936132464687	0.812596550329768	0.814962520753795	0.810866850329849	0.84329101319322	0.849543982950878	0.83812674625796	1	0.990459590894162	0.999998625594668	0.990633053288849	0.99943216384791	0.990243815098974	0.999889217957896	0.990252268921871	0.999818107709311	0.990192470994259	0.999991247200086	0.990721381286683	0.998282871215448	0.990167750935395
"astro2_count"	0.670258958676898	0.745713902537209	0.801006704308542	0.82809648235006	0.794063396266542	0.830497663941107	0.845339843157253	0.842911151694343	0.990459590894162	1	0.990430925778183	0.999955894202256	0.989372403394407	0.998393285998456	0.990599817634402	0.99996927651726	0.990600994815601	0.999952266352281	0.990382259905095	0.999833242342035	0.987901307014268	0.998255832751988
"endo1_count"	0.728641626576851	0.782237996444579	0.812822683894046	0.815107058687667	0.811309766035288	0.84371218333581	0.849945865150947	0.83851973372322	0.999998625594668	0.990430925778183	1	0.990619669019025	0.999486546529805	0.990306635657469	0.999863177963653	0.990210828662882	0.999785137225069	0.990147879902206	0.999996809535557	0.990722395302436	0.998378008533895	0.990234352715882
"endo2_count"	0.672837116148641	0.747857659170539	0.802615267565724	0.829125547691991	0.796758617590891	0.833113553871833	0.847853750141661	0.845383566913921	0.990633053288849	0.999955894202256	0.990619669019025	1	0.989856150106206	0.998879800612825	0.990636267884398	0.999851580629892	0.990598986173111	0.999816443445675	0.990594288184629	0.9999606387322	0.9886120758068	0.998764384923992
"micro1_count"	0.735402863880431	0.787804225352072	0.816956592555145	0.817705797535863	0.819688196473789	0.851569767832771	0.857438210457109	0.845890403879414	0.99943216384791	0.989372403394407	0.999486546529805	0.989856150106206	1	0.991023563993858	0.998822105910045	0.988906141983724	0.998611044396809	0.98878254472074	0.999564161694365	0.990237400700274	0.999687304281903	0.991025155327184
"micro2_count"	0.685599679172343	0.758285342364761	0.810210290433455	0.833687537217138	0.809832960244079	0.845582508343125	0.859793248287491	0.857198556011223	0.990243815098974	0.998393285998456	0.990306635657469	0.998879800612825	0.991023563993858	1	0.989565810067849	0.99792096949209	0.989337969499298	0.997795333957449	0.99039746544976	0.999259463315363	0.990931337807919	0.999997150333454
"neuron1_count"	0.724952593648424	0.779173456371585	0.810517340450205	0.813621702082655	0.806853217198714	0.83945185808716	0.845878266105662	0.834549949830454	0.999889217957896	0.990599817634402	0.999863177963653	0.990636267884398	0.998822105910045	0.989565810067849	1	0.990507145931706	0.999991220296682	0.990475639814469	0.999818230641285	0.9905956220482	0.997309299111311	0.989456034887684
"neuron2_count"	0.668104148948492	0.743912616561698	0.799643222128133	0.827208800718896	0.7917919174066	0.828283108036511	0.843208767898339	0.840817542232896	0.990252268921871	0.99996927651726	0.990210828662882	0.999851580629892	0.988906141983724	0.99792096949209	0.990507145931706	1	0.990540538972919	0.999998133398981	0.990142700484347	0.999659509419922	0.987246225066868	0.997765232132568
"oligopre1_count"	0.724001638633775	0.778380264400996	0.809917125479623	0.813230633884152	0.805712447861237	0.838353772610276	0.844828866291327	0.833528167471769	0.999818107709311	0.990600994815601	0.999785137225069	0.990598986173111	0.998611044396809	0.989337969499298	0.999991220296682	0.990540538972919	1	0.990516987402043	0.999729637123225	0.990522178002193	0.996996795360275	0.989218793151256
"oligopre2_count"	0.667572975714078	0.743467248876757	0.799304440229676	0.826986106398114	0.791229157672309	0.827733125893164	0.842679097620048	0.840297443595389	0.990192470994259	0.999952266352281	0.990147879902206	0.999816443445675	0.98878254472074	0.997795333957449	0.990475639814469	0.999998133398981	0.990516987402043	1	0.990074952217487	0.999607281722972	0.987076192957248	0.997635106751654
"oligonew1_count"	0.729194408427776	0.782695510657823	0.813165029492784	0.815325399159051	0.811982916498143	0.844351273764908	0.850555605070027	0.839116351892883	0.999991247200086	0.990382259905095	0.999996809535557	0.990594288184629	0.999564161694365	0.99039746544976	0.999818230641285	0.990142700484347	0.999729637123225	0.990074952217487	1	0.990718960069883	0.998517810331008	0.990330952747883
"oligonew2_count"	0.675264614530265	0.749864790786407	0.804107184139385	0.830061689292611	0.799276183534047	0.835544520957848	0.850186836326321	0.847681550672062	0.990721381286683	0.999833242342035	0.990722395302436	0.9999606387322	0.990237400700274	0.999259463315363	0.9905956220482	0.999659509419922	0.990522178002193	0.999607281722972	0.990718960069883	1	0.989208414400148	0.999164977595872
"oligomye1_count"	0.740206012011686	0.791718583322757	0.819823606971688	0.819460150103363	0.825929685624029	0.857260874675599	0.8628652234232	0.851304544793138	0.998282871215448	0.987901307014268	0.998378008533895	0.9886120758068	0.999687304281903	0.990931337807919	0.997309299111311	0.987246225066868	0.996996795360275	0.987076192957248	0.998517810331008	0.989208414400148	1	0.990990975224328
"oligomye2_count"	0.686224073290228	0.758787410503112	0.810565753147171	0.833887435454849	0.810465200252506	0.846174437700964	0.860358579213356	0.857762502284093	0.990167750935395	0.998255832751988	0.990234352715882	0.998764384923992	0.991025155327184	0.999997150333454	0.989456034887684	0.997765232132568	0.989218793151256	0.997635106751654	0.990330952747883	0.999164977595872	0.990990975224328	1
